0       4161.14  8086.93 11782.36 15250.31 18491.92
118.50  4273.75  8193.81 11883.51 15345.81 18581.71
354.35  4497.82  8406.29 12084.66 15535.70 18760.28
705.54  4831.41  8722.70 12384.14 15818.27 19026.01
1168.78 5271.36  9139.86 12778.78 16190.66 19375.99
1740.21 5813.95  9654.15 13265.27 16649.48 19807.03
2414.76 6454.28  10261.2 13839.18 17190.36 20314.77
3187.57 7187.44  10955.68 14495.46 17808.76 20894.94
4051.73 8007.77  11732.12 15228.88 18499.06 21542.14
5001.97 8908.28  12584.80 16033.83 19256.43 22251.21
6030.81 9883.79  13507.42 16904.02 20074.45 23016.21
7132.03 10927.12 14493.58 17833.83 20947.48 23831.68
8296.61 12031.44 15537.15 18816.78 21869.48 24691.77
9523.82 13191.06 16632.10 19847.08 22834.61 25590.22
